3
1 2 3
10
5 1 3 2 1 7 3 2 3 8

2
3 1
4
31 3 5 1




3
1 2 3
5
1 2 3 1 3

3
1 2 3
20
1 2 3 9 9 9 9 9 9 9 9 9 9 9 9 9 9 1 2 3

3
1 2 3
5
1 2 3 1 3

2
92 16
100
73 62 92 11 38 99 92 95 81 27 97 11 89 16 6 85 15 27 14 84 92 88 42 47 38 54 20
61 52 55 79 95 77 92 57 61 95 92 92 92 38 67 91 8 92 59 92 16 41 16 37 46 15 100
46 88 21 47 19 98 16 92 29 16 72 16 12 4 30 13 53 32 84 93 23 69 16 16 74 77 95
92 92 92 80 16 44 19 64 75 4 30 51 37 60 70 96 23 33 16

6
35 28 1 43 13 20
100
84 8 35 35 35 35 35 58 35 14 69 28 99 28 91 35 1 35 1 43 28 28 48 1 73 28 28 35
15 13 34 43 1 54 20 28 28 1 35 47 43 65 1 28 35 41 66 43 43 10 13 22 13 21 24 76
1 48 43 13 55 28 37 20 33 1 1 52 2 43 6 28 36 7 61 43 13 76 69 37 35 13 43 13 20
9 13 13 20 1 20 20 43 13 78 20 20 20 93 20